Linux 2.6.32-358.2.1.el6.x86_64 (n020303) 	2013-05-30 	_x86_64_	(24 CPU)

00:00:01          DEV       tps  rd_sec/s  wr_sec/s  avgrq-sz  avgqu-sz     await     svctm     %util
00:10:01      dev8-16     20,81      0,67   4955,84    238,22      0,07      3,43      2,71      5,63
00:10:01       dev8-0     21,25      1,88   4954,21    233,22      0,07      3,38      2,66      5,66
00:10:01       dev9-0      0,00      0,00      0,00      0,00      0,00      0,00      0,00      0,00
00:10:01       dev9-1      0,86      0,87      6,59      8,67      0,00      0,00      0,00      0,00
00:10:01       dev9-3     94,25      0,65   9892,30    104,97      0,00      0,00      0,00      0,00
00:10:01       dev9-2      0,12      0,93      0,00      8,00      0,00      0,00      0,00      0,00
00:20:01      dev8-16     22,71      0,01   5410,96    238,31      0,08      3,32      2,62      5,95
00:20:01       dev8-0     22,80      0,00   5410,07    237,25      0,08      3,29      2,63      6,01
00:20:01       dev9-0      0,00      0,00      0,00      0,00      0,00      0,00      0,00      0,00
00:20:01       dev9-1      0,72      0,00      5,77      8,00      0,00      0,00      0,00      0,00
00:20:01       dev9-3    102,60      0,00  10805,60    105,31      0,00      0,00      0,00      0,00
00:20:01       dev9-2      0,00      0,01      0,00      8,00      0,00      0,00      0,00      0,00
00:30:01      dev8-16     21,96      0,00   5382,34    245,09      0,08      3,66      2,72      5,97
00:30:01       dev8-0     22,10      0,01   5383,14    243,56      0,08      3,61      2,73      6,03
00:30:01       dev9-0      0,00      0,00      0,00      0,00      0,00      0,00      0,00      0,00
00:30:01       dev9-1      0,75      0,00      5,95      7,98      0,00      0,00      0,00      0,00
00:30:01       dev9-3    101,40      0,01  10749,62    106,01      0,00      0,00      0,00      0,00
00:30:01       dev9-2      0,00      0,00      0,00      0,00      0,00      0,00      0,00      0,00
00:40:01      dev8-16     22,18      0,36   5177,04    233,40      0,07      3,35      2,61      5,80
00:40:01       dev8-0     22,02      0,18   5172,32    234,89      0,07      3,25      2,58      5,68
00:40:01       dev9-0      0,00      0,00      0,00      0,00      0,00      0,00      0,00      0,00
00:40:01       dev9-1      0,81      0,00      6,50      8,00      0,00      0,00      0,00      0,00
00:40:01       dev9-3     98,47      0,22  10331,99    104,93      0,00      0,00      0,00      0,00
00:40:01       dev9-2      0,03      0,22      0,00      8,00      0,00      0,00      0,00      0,00
00:50:01      dev8-16     22,05      0,00   5446,69    246,96      0,08      3,41      2,66      5,87
00:50:01       dev8-0     22,59      0,23   5448,75    241,25      0,08      3,47      2,68      6,05
00:50:01       dev9-0      0,00      0,00      0,00      0,00      0,00      0,00      0,00      0,00
00:50:01       dev9-1      0,72      0,00      5,80      8,00      0,00      0,00      0,00      0,00
00:50:01       dev9-3    102,60      0,00  10879,70    106,04      0,00      0,00      0,00      0,00
00:50:01       dev9-2      0,03      0,23      0,00      8,00      0,00      0,00      0,00      0,00
01:00:01      dev8-16     71,58      0,11  31730,84    443,27      0,40      5,60      2,53     18,10
01:00:01       dev8-0     72,01      0,63  31731,00    440,64      0,40      5,51      2,54     18,26
01:00:01       dev9-0      0,00      0,00      0,00      0,00      0,00      0,00      0,00      0,00
01:00:01       dev9-1      0,81      0,00      6,46      8,00      0,00      0,00      0,00      0,00
01:00:01       dev9-3    531,55      0,52  63444,08    119,36      0,00      0,00      0,00      0,00
01:00:01       dev9-2      0,03      0,22      0,00      8,00      0,00      0,00      0,00      0,00
01:10:01      dev8-16    129,72    363,45  61509,38    476,97      0,80      6,14      2,51     32,52
01:10:01       dev8-0    130,46    363,45  61513,36    474,28      0,81      6,25      2,57     33,59
01:10:01       dev9-0      0,00      0,00      0,00      0,00      0,00      0,00      0,00      0,00
01:10:01       dev9-1      0,91      0,00      7,25      8,00      0,00      0,00      0,00      0,00
01:10:01       dev9-3   1025,67    726,31 123003,00    120,63      0,00      0,00      0,00      0,00
01:10:01       dev9-2      0,06      0,48      0,00      8,00      0,00      0,00      0,00      0,00
01:20:01      dev8-16     62,54  10508,72   4524,83    240,40      0,50      8,05      1,57      9,81
01:20:01       dev8-0     61,74  10508,00   4520,99    243,41      0,52      8,43      1,62     10,02
01:20:01       dev9-0      0,00      0,00      0,00      0,00      0,00      0,00      0,00      0,00
01:20:01       dev9-1      0,74      0,00      5,91      7,98      0,00      0,00      0,00      0,00
01:20:01       dev9-3    270,28  21016,71   9029,64    111,17      0,00      0,00      0,00      0,00
01:20:01       dev9-2      0,00      0,01      0,00      8,00      0,00      0,00      0,00      0,00
01:30:01      dev8-16     61,81  10305,04   4556,67    240,46      0,53      8,52      1,64     10,11
01:30:01       dev8-0     60,86  10308,77   4545,76    244,09      0,54      8,87      1,66     10,09
01:30:01       dev9-0      0,00      0,00      0,00      0,00      0,00      0,00      0,00      0,00
01:30:01       dev9-1      0,78      0,00      6,25      7,98      0,00      0,00      0,00      0,00
01:30:01       dev9-3    266,74  20613,80   9085,40    111,34      0,00      0,00      0,00      0,00
01:30:01       dev9-2      0,00      0,01      0,00      8,00      0,00      0,00      0,00      0,00
01:40:01      dev8-16     65,20  10505,81   6063,07    254,14      0,59      9,02      1,68     10,96
01:40:01       dev8-0     64,75  10505,37   6063,19    255,87      0,61      9,50      1,71     11,07
01:40:01       dev9-0      0,00      0,00      0,00      0,00      0,00      0,00      0,00      0,00
01:40:01       dev9-1      0,79      0,00      6,32      7,98      0,00      0,00      0,00      0,00
01:40:01       dev9-3    294,24  21011,03  12109,12    112,56      0,00      0,00      0,00      0,00
01:40:01       dev9-2      0,01      0,04      0,00      8,00      0,00      0,00      0,00      0,00
01:50:01      dev8-16     62,86   9839,58   6076,30    253,21      0,51      8,11      1,67     10,47
01:50:01       dev8-0     62,23   9844,64   6074,22    255,80      0,50      8,06      1,66     10,32
01:50:01       dev9-0      0,00      0,00      0,00      0,00      0,00      0,00      0,00      0,00
01:50:01       dev9-1      0,72      0,00      5,77      8,00      0,00      0,00      0,00      0,00
01:50:01       dev9-3    283,36  19684,10  12134,81    112,29      0,00      0,00      0,00      0,00
01:50:01       dev9-2      0,02      0,12      0,00      8,00      0,00      0,00      0,00      0,00
02:00:01      dev8-16     83,47   1253,07  25254,60    317,56      0,63      7,53      2,13     17,81
02:00:01       dev8-0     83,18   1255,33  25249,97    318,64      0,64      7,73      2,12     17,66
02:00:01       dev9-0      0,00      0,00      0,00      0,00      0,00      0,00      0,00      0,00
02:00:01       dev9-1      0,74      0,00      5,89      7,98      0,00      0,00      0,00      0,00
02:00:01       dev9-3    467,81   2508,08  50488,61    113,29      0,00      0,00      0,00      0,00
02:00:01       dev9-2      0,04      0,33      0,00      8,00      0,00      0,00      0,00      0,00
02:10:01      dev8-16     98,20   2105,42  26696,73    293,29      0,90      9,20      2,09     20,52
02:10:01       dev8-0     98,59   2111,43  26692,16    292,14      0,91      9,26      2,12     20,86
02:10:01       dev9-0      0,00      0,00      0,00      0,00      0,00      0,00      0,00      0,00
02:10:01       dev9-1      0,86      0,42      6,43      7,98      0,00      0,00      0,00      0,00
02:10:01       dev9-3    516,17   4214,96  53371,89    111,57      0,00      0,00      0,00      0,00
02:10:01       dev9-2      0,17      1,36      0,00      8,00      0,00      0,00      0,00      0,00
02:20:01      dev8-16     94,38   2156,72  26745,38    306,22      0,90      9,50      2,13     20,14
02:20:01       dev8-0     94,48   2168,77  26739,19    305,95      0,89      9,39      2,15     20,29
02:20:01       dev9-0      0,00      0,00      0,00      0,00      0,00      0,00      0,00      0,00
02:20:01       dev9-1      0,72      0,00      5,74      8,00      0,00      0,00      0,00      0,00
02:20:01       dev9-3    514,55   4319,33  53469,34    112,31      0,00      0,00      0,00      0,00
02:20:01       dev9-2      0,77      6,16      0,00      8,00      0,00      0,00      0,00      0,00
02:30:01      dev8-16     96,25   4386,57  18706,43    239,93      1,15     12,00      1,83     17,57
02:30:01       dev8-0     97,20   4410,17  18712,62    237,89      1,19     12,20      1,90     18,46
02:30:01       dev9-0      0,00      0,00      0,00      0,00      0,00      0,00      0,00      0,00
02:30:01       dev9-1      0,75      0,00      6,01      7,98      0,00      0,00      0,00      0,00
02:30:01       dev9-3    433,70   8796,63  37403,44    106,53      0,00      0,00      0,00      0,00
02:30:01       dev9-2      0,01      0,11      0,00      8,00      0,00      0,00      0,00      0,00
02:40:01      dev8-16     52,46   1943,76   9859,22    224,98      0,35      6,60      2,02     10,60
02:40:01       dev8-0     53,53   1946,93   9867,63    220,72      0,38      7,09      2,08     11,13
02:40:01       dev9-0      0,00      0,00      0,00      0,00      0,00      0,00      0,00      0,00
02:40:01       dev9-1      0,77      0,00      6,13      8,00      0,00      0,00      0,00      0,00
02:40:01       dev9-3    225,32   3890,12  19709,50    104,74      0,00      0,00      0,00      0,00
02:40:01       dev9-2      0,06      0,46      0,00      8,00      0,00      0,00      0,00      0,00
02:50:01      dev8-16     39,17   2142,61   5418,25    193,02      0,25      6,30      1,93      7,58
02:50:01       dev8-0     39,20   2143,14   5419,08    192,92      0,25      6,27      1,95      7,63
02:50:01       dev9-0      0,00      0,00      0,00      0,00      0,00      0,00      0,00      0,00
02:50:01       dev9-1      0,68      0,00      5,48      8,00      0,00      0,00      0,00      0,00
02:50:01       dev9-3    147,89   4285,64  10822,56    102,15      0,00      0,00      0,00      0,00
02:50:01       dev9-2      0,01      0,11      0,00      8,00      0,00      0,00      0,00      0,00
03:00:01      dev8-16     35,91   2168,86   5426,02    211,52      0,23      6,31      2,20      7,90
03:00:01       dev8-0     35,82   2169,25   5422,55    211,96      0,23      6,55      2,25      8,05
03:00:01       dev9-0      0,00      0,00      0,00      0,00      0,00      0,00      0,00      0,00
03:00:01       dev9-1      0,71      0,00      5,69      8,00      0,00      0,00      0,00      0,00
03:00:01       dev9-3    144,75   4337,99  10833,26    104,81      0,00      0,00      0,00      0,00
03:00:01       dev9-2      0,02      0,12      0,00      8,00      0,00      0,00      0,00      0,00
03:10:01      dev8-16     39,28   2199,96   5456,60    194,90      0,27      7,00      2,01      7,91
03:10:01       dev8-0     39,36   2201,04   5456,21    194,55      0,28      7,10      2,02      7,96
03:10:01       dev9-0      0,00      0,00      0,00      0,00      0,00      0,00      0,00      0,00
03:10:01       dev9-1      0,84      0,36      6,62      8,34      0,00      0,00      0,00      0,00
03:10:01       dev9-3    148,52   4398,87  10895,00    102,97      0,00      0,00      0,00      0,00
03:10:01       dev9-2      0,21      1,65      0,00      8,00      0,00      0,00      0,00      0,00
03:20:01      dev8-16     35,25   1610,89   5404,01    199,01      0,25      7,00      2,14      7,53
03:20:01       dev8-0     35,13   1610,97   5402,29    199,67      0,23      6,53      2,14      7,50
03:20:01       dev9-0      0,00      0,00      0,00      0,00      0,00      0,00      0,00      0,00
03:20:01       dev9-1      0,65      0,00      5,23      8,00      0,00      0,00      0,00      0,00
03:20:01       dev9-3    136,19   3221,75  10792,40    102,90      0,00      0,00      0,00      0,00
03:20:01       dev9-2      0,01      0,11      0,00      8,00      0,00      0,00      0,00      0,00
03:30:01      dev8-16     33,56   1864,89   5444,75    217,82      0,23      6,77      2,33      7,81
03:30:01       dev8-0     33,77   1866,20   5444,19    216,47      0,21      6,17      2,27      7,66
03:30:01       dev9-0      0,00      0,00      0,00      0,00      0,00      0,00      0,00      0,00
03:30:01       dev9-1      1,05      3,20      6,93      9,61      0,00      0,00      0,00      0,00
03:30:01       dev9-3    138,61   3727,89  10871,32    105,33      0,00      0,00      0,00      0,00
03:30:01       dev9-2      0,00      0,00      0,00      0,00      0,00      0,00      0,00      0,00
03:40:01      dev8-16     33,95   1915,32   5407,38    215,70      0,22      6,40      2,30      7,81
03:40:01       dev8-0     34,01   1917,67   5405,43    215,30      0,20      5,90      2,28      7,77
03:40:01       dev9-0      0,00      0,00      0,00      0,00      0,00      0,00      0,00      0,00
03:40:01       dev9-1      0,80      0,00      6,39      8,00      0,00      0,00      0,00      0,00
03:40:01       dev9-3    139,27   3832,69  10795,74    105,04      0,00      0,00      0,00      0,00
03:40:01       dev9-2      0,02      0,19      0,00      8,00      0,00      0,00      0,00      0,00
03:50:01      dev8-16     34,92   2027,80   5395,44    212,60      0,24      6,98      2,25      7,86
03:50:01       dev8-0     35,36   2027,92   5398,36    210,01      0,23      6,37      2,22      7,86
03:50:01       dev9-0      0,00      0,00      0,00      0,00      0,00      0,00      0,00      0,00
03:50:01       dev9-1      0,68      0,26      5,38      8,26      0,00      0,00      0,00      0,00
03:50:01       dev9-3    141,72   4055,34  10779,36    104,68      0,00      0,00      0,00      0,00
03:50:01       dev9-2      0,02      0,12      0,00      8,00      0,00      0,00      0,00      0,00
04:00:01      dev8-16     33,33   1885,19   5423,94    219,28      0,20      6,10      2,35      7,85
04:00:01       dev8-0     32,88   1885,87   5421,16    222,23      0,19      5,75      2,32      7,62
04:00:01       dev9-0      0,00      0,00      0,00      0,00      0,00      0,00      0,00      0,00
04:00:01       dev9-1      0,68      0,00      5,43      8,00      0,00      0,00      0,00      0,00
04:00:01       dev9-3    138,47   3771,02  10830,27    105,44      0,00      0,00      0,00      0,00
04:00:01       dev9-2      0,01      0,04      0,00      8,00      0,00      0,00      0,00      0,00
04:10:01      dev8-16     34,76   1706,58   5446,87    205,79      0,24      6,84      2,25      7,84
04:10:01       dev8-0     34,49   1707,30   5443,94    207,35      0,22      6,42      2,24      7,71
04:10:01       dev9-0      0,00      0,00      0,00      0,00      0,00      0,00      0,00      0,00
04:10:01       dev9-1      0,79      0,00      6,34      7,98      0,00      0,00      0,00      0,00
04:10:01       dev9-3    137,70   3413,17  10874,18    103,76      0,00      0,00      0,00      0,00
04:10:01       dev9-2      0,08      0,60      0,00      8,00      0,00      0,00      0,00      0,00
04:20:01      dev8-16     42,25   2340,96   5423,60    183,76      0,35      8,36      2,00      8,45
04:20:01       dev8-0     42,07   2342,34   5420,31    184,50      0,32      7,67      1,94      8,15
04:20:01       dev9-0      0,00      0,00      0,00      0,00      0,00      0,00      0,00      0,00
04:20:01       dev9-1      0,69      0,00      5,56      8,00      0,00      0,00      0,00      0,00
04:20:01       dev9-3    153,14   4683,07  10828,87    101,29      0,00      0,00      0,00      0,00
04:20:01       dev9-2      0,03      0,23      0,00      8,00      0,00      0,00      0,00      0,00
04:30:01      dev8-16     43,10   2034,85   5460,29    173,89      0,35      8,19      1,97      8,50
04:30:01       dev8-0     42,74   2035,04   5454,28    175,24      0,30      7,12      1,90      8,13
04:30:01       dev9-0      0,00      0,00      0,00      0,00      0,00      0,00      0,00      0,00
04:30:01       dev9-1      0,70      0,00      5,57      8,00      0,00      0,00      0,00      0,00
04:30:01       dev9-3    150,49   4069,79  10899,55     99,47      0,00      0,00      0,00      0,00
04:30:01       dev9-2      0,01      0,11      0,00      8,00      0,00      0,00      0,00      0,00
04:40:01      dev8-16     39,71   2073,87   5424,42    188,84      0,32      7,97      2,09      8,30
04:40:01       dev8-0     39,71   2074,00   5425,05    188,84      0,29      7,31      2,05      8,13
04:40:01       dev9-0      0,00      0,00      0,00      0,00      0,00      0,00      0,00      0,00
04:40:01       dev9-1      0,77      0,00      6,15      8,00      0,00      0,00      0,00      0,00
04:40:01       dev9-3    147,30   4147,77  10833,14    101,70      0,00      0,00      0,00      0,00
04:40:01       dev9-2      0,00      0,00      0,00      0,00      0,00      0,00      0,00      0,00
04:50:01      dev8-16     35,71   1950,98   5421,99    206,49      0,25      7,01      2,35      8,40
04:50:01       dev8-0     35,46   1950,49   5417,29    207,77      0,23      6,50      2,27      8,04
04:50:01       dev9-0      0,00      0,00      0,00      0,00      0,00      0,00      0,00      0,00
04:50:01       dev9-1      0,70      0,00      5,60      8,00      0,00      0,00      0,00      0,00
04:50:01       dev9-3    141,85   3901,45  10824,27    103,81      0,00      0,00      0,00      0,00
04:50:01       dev9-2      0,00      0,01      0,00      8,00      0,00      0,00      0,00      0,00
05:00:01      dev8-16     33,94   2050,60   5442,09    220,78      0,22      6,39      2,34      7,96
05:00:01       dev8-0     33,66   2052,08   5438,23    222,52      0,21      6,13      2,33      7,85
05:00:01       dev9-0      0,00      0,00      0,00      0,00      0,00      0,00      0,00      0,00
05:00:01       dev9-1      0,75      0,00      6,00      8,00      0,00      0,00      0,00      0,00
05:00:01       dev9-3    141,40   4102,74  10864,06    105,85      0,00      0,00      0,00      0,00
05:00:01       dev9-2      0,00      0,01      0,00      8,00      0,00      0,00      0,00      0,00
05:10:01      dev8-16     36,98   2242,58   5388,31    206,36      0,26      6,99      2,27      8,39
05:10:01       dev8-0     36,82   2243,50   5384,53    207,18      0,25      6,75      2,26      8,32
05:10:01       dev9-0      0,00      0,00      0,00      0,00      0,00      0,00      0,00      0,00
05:10:01       dev9-1      0,80      0,00      6,41      8,00      0,00      0,00      0,00      0,00
05:10:01       dev9-3    145,96   4484,49  10755,55    104,41      0,00      0,00      0,00      0,00
05:10:01       dev9-2      0,18      1,41      0,00      8,00      0,00      0,00      0,00      0,00
05:20:01      dev8-16     39,87   1836,62   5429,07    182,21      0,30      7,46      2,07      8,24
05:20:01       dev8-0     39,72   1834,59   5425,74    182,80      0,27      6,74      1,99      7,89
05:20:01       dev9-0      0,00      0,00      0,00      0,00      0,00      0,00      0,00      0,00
05:20:01       dev9-1      0,71      0,00      5,69      8,00      0,00      0,00      0,00      0,00
05:20:01       dev9-3    145,11   3671,21  10839,42     99,99      0,00      0,00      0,00      0,00
05:20:01       dev9-2      0,00      0,00      0,00      0,00      0,00      0,00      0,00      0,00
05:30:01      dev8-16     45,00   2244,16   5383,37    169,52      0,37      8,18      1,93      8,70
05:30:01       dev8-0     44,77   2246,81   5383,17    170,43      0,33      7,45      1,91      8,53
05:30:01       dev9-0      0,00      0,00      0,00      0,00      0,00      0,00      0,00      0,00
05:30:01       dev9-1      0,77      0,00      6,11      7,98      0,00      0,00      0,00      0,00
05:30:01       dev9-3    155,35   4490,98  10750,08     98,11      0,00      0,00      0,00      0,00
05:30:01       dev9-2      0,00      0,00      0,00      0,00      0,00      0,00      0,00      0,00
05:40:01      dev8-16     41,71   1917,54   5421,74    175,96      0,31      7,32      1,96      8,15
05:40:01       dev8-0     41,66   1917,67   5421,71    176,18      0,28      6,62      1,94      8,08
05:40:01       dev9-0      0,00      0,00      0,00      0,00      0,00      0,00      0,00      0,00
05:40:01       dev9-1      0,80      0,00      6,38      8,00      0,00      0,00      0,00      0,00
05:40:01       dev9-3    147,92   3835,10  10826,22     99,12      0,00      0,00      0,00      0,00
05:40:01       dev9-2      0,00      0,00      0,00      0,00      0,00      0,00      0,00      0,00
05:50:01      dev8-16     33,96   2101,79   4767,17    202,26      0,22      6,46      2,16      7,34
05:50:01       dev8-0     33,58   2105,40   4769,03    204,74      0,20      5,92      2,13      7,15
05:50:01       dev9-0      0,00      0,00      0,00      0,00      0,00      0,00      0,00      0,00
05:50:01       dev9-1      0,69      0,00      5,50      8,00      0,00      0,00      0,00      0,00
05:50:01       dev9-3    133,34   4207,19   9521,39    102,96      0,00      0,00      0,00      0,00
05:50:01       dev9-2      0,00      0,00      0,00      0,00      0,00      0,00      0,00      0,00
06:00:01      dev8-16     11,30   1018,95    158,38    104,14      0,11      9,73      2,26      2,55
06:00:01       dev8-0     11,11   1017,81    155,51    105,63      0,10      8,79      1,94      2,16
06:00:01       dev9-0      0,00      0,00      0,00      0,00      0,00      0,00      0,00      0,00
06:00:01       dev9-1      0,71      0,00      5,65      8,00      0,00      0,00      0,00      0,00
06:00:01       dev9-3     27,11   2036,76    298,76     86,14      0,00      0,00      0,00      0,00
06:00:01       dev9-2      0,00      0,00      0,00      0,00      0,00      0,00      0,00      0,00
06:10:01      dev8-16      9,10    683,64    204,10     97,55      0,08      8,62      2,67      2,43
06:10:01       dev8-0      8,45    684,41    199,30    104,64      0,07      7,81      2,47      2,09
06:10:01       dev9-0      0,00      0,00      0,00      0,00      0,00      0,00      0,00      0,00
06:10:01       dev9-1      0,86      0,00      6,90      7,98      0,00      0,00      0,00      0,00
06:10:01       dev9-3     20,77   1367,81    384,85     84,39      0,00      0,00      0,00      0,00
06:10:01       dev9-2      0,02      0,13      0,00      8,00      0,00      0,00      0,00      0,00
06:20:01      dev8-16     10,40    809,43    142,47     91,53      0,10      9,31      2,35      2,45
06:20:01       dev8-0      9,80    809,91    137,42     96,64      0,08      7,81      2,12      2,08
06:20:01       dev9-0      0,00      0,00      0,00      0,00      0,00      0,00      0,00      0,00
06:20:01       dev9-1      0,73      0,00      5,83      8,00      0,00      0,00      0,00      0,00
06:20:01       dev9-3     22,74   1619,34    264,05     82,83      0,00      0,00      0,00      0,00
06:20:01       dev9-2      0,00      0,00      0,00      0,00      0,00      0,00      0,00      0,00
06:30:01      dev8-16    156,14   1524,22   1666,81     20,44      0,23      1,45      0,71     11,12
06:30:01       dev8-0    156,48   1524,73   1689,59     20,54      0,22      1,39      0,72     11,22
06:30:01       dev9-0      0,00      0,00      0,00      0,00      0,00      0,00      0,00      0,00
06:30:01       dev9-1      0,76      0,30      6,03      8,28      0,00      0,00      0,00      0,00
06:30:01       dev9-3    212,79   3043,13   3340,35     30,00      0,00      0,00      0,00      0,00
06:30:01       dev9-2      0,69      5,52      0,00      8,00      0,00      0,00      0,00      0,00
06:40:01      dev8-16     40,05   1735,80   5388,63    177,89      0,28      6,88      1,95      7,79
06:40:01       dev8-0     39,88   1734,73   5386,19    178,55      0,27      6,73      1,94      7,72
06:40:01       dev9-0      0,00      0,00      0,00      0,00      0,00      0,00      0,00      0,00
06:40:01       dev9-1      0,88      0,28      6,94      8,18      0,00      0,00      0,00      0,00
06:40:01       dev9-3    142,23   3469,68  10756,55    100,03      0,00      0,00      0,00      0,00
06:40:01       dev9-2      0,06      0,46      0,00      8,00      0,00      0,00      0,00      0,00
06:50:01      dev8-16     31,54   1258,35   5406,96    211,33      0,18      5,72      2,23      7,04
06:50:01       dev8-0     31,31   1260,29   5408,92    213,00      0,17      5,46      2,23      6,98
06:50:01       dev9-0      0,00      0,00      0,00      0,00      0,00      0,00      0,00      0,00
06:50:01       dev9-1      0,75      0,00      5,97      8,00      0,00      0,00      0,00      0,00
06:50:01       dev9-3    128,26   2518,64  10799,96    103,84      0,00      0,00      0,00      0,00
06:50:01       dev9-2      0,00      0,00      0,00      0,00      0,00      0,00      0,00      0,00
07:00:01      dev8-16     35,31   1973,25   5394,94    208,68      0,22      6,19      2,17      7,66
07:00:01       dev8-0     35,27   1972,39   5396,00    208,91      0,22      6,19      2,19      7,72
07:00:01       dev9-0      0,00      0,00      0,00      0,00      0,00      0,00      0,00      0,00
07:00:01       dev9-1      0,72      0,00      5,77      8,00      0,00      0,00      0,00      0,00
07:00:01       dev9-3    141,21   3945,53  10775,36    104,25      0,00      0,00      0,00      0,00
07:00:01       dev9-2      0,01      0,11      0,00      8,00      0,00      0,00      0,00      0,00
07:10:01      dev8-16     36,68   1584,15   5417,13    190,89      0,24      6,54      2,04      7,49
07:10:01       dev8-0     36,62   1585,09   5417,87    191,26      0,23      6,19      2,02      7,41
07:10:01       dev9-0      0,00      0,00      0,00      0,00      0,00      0,00      0,00      0,00
07:10:01       dev9-1      0,82      0,00      6,59      8,00      0,00      0,00      0,00      0,00
07:10:01       dev9-3    137,34   3168,90  10817,36    101,84      0,00      0,00      0,00      0,00
07:10:01       dev9-2      0,03      0,23      0,00      8,00      0,00      0,00      0,00      0,00
07:20:01      dev8-16     33,54   1402,94   5410,33    203,16      0,21      6,41      2,19      7,35
07:20:01       dev8-0     33,38   1403,15   5408,83    204,06      0,20      6,08      2,17      7,23
07:20:01       dev9-0      0,00      0,00      0,00      0,00      0,00      0,00      0,00      0,00
07:20:01       dev9-1      0,72      0,00      5,79      8,00      0,00      0,00      0,00      0,00
07:20:01       dev9-3    132,30   2806,09  10803,85    102,87      0,00      0,00      0,00      0,00
07:20:01       dev9-2      0,00      0,00      0,00      0,00      0,00      0,00      0,00      0,00
07:30:01      dev8-16     30,24   1286,86   5429,27    222,09      0,17      5,63      2,44      7,39
07:30:01       dev8-0     30,68   1285,05   5430,00    218,89      0,17      5,38      2,42      7,44
07:30:01       dev9-0      0,00      0,00      0,00      0,00      0,00      0,00      0,00      0,00
07:30:01       dev9-1      0,78      0,01      6,22      8,00      0,00      0,00      0,00      0,00
07:30:01       dev9-3    127,71   2571,89  10842,61    105,03      0,00      0,00      0,00      0,00
07:30:01       dev9-2      0,00      0,01      0,00      8,00      0,00      0,00      0,00      0,00
07:40:01      dev8-16     30,87   1444,69   5439,09    222,98      0,17      5,46      2,38      7,34
07:40:01       dev8-0     31,10   1442,72   5438,69    221,30      0,16      5,30      2,43      7,54
07:40:01       dev9-0      0,00      0,00      0,00      0,00      0,00      0,00      0,00      0,00
07:40:01       dev9-1      0,80      0,00      6,42      8,00      0,00      0,00      0,00      0,00
07:40:01       dev9-3    130,35   2887,15  10860,75    105,47      0,00      0,00      0,00      0,00
07:40:01       dev9-2      0,02      0,15      0,00      8,00      0,00      0,00      0,00      0,00
07:50:01      dev8-16     34,55   2049,01   5352,26    214,21      0,23      6,73      2,29      7,93
07:50:01       dev8-0     33,88   2047,61   5346,44    218,25      0,22      6,39      2,26      7,64
07:50:01       dev9-0      0,00      0,00      0,00      0,00      0,00      0,00      0,00      0,00
07:50:01       dev9-1      0,72      0,00      5,78      8,00      0,00      0,00      0,00      0,00
07:50:01       dev9-3    140,32   4096,63  10683,25    105,33      0,00      0,00      0,00      0,00
07:50:01       dev9-2      0,00      0,00      0,00      0,00      0,00      0,00      0,00      0,00
08:00:01      dev8-16     34,09   1924,69   5415,13    215,31      0,22      6,34      2,31      7,87
08:00:01       dev8-0     33,78   1921,97   5409,98    217,07      0,21      6,11      2,28      7,71
08:00:01       dev9-0      0,00      0,00      0,00      0,00      0,00      0,00      0,00      0,00
08:00:01       dev9-1      0,71      0,00      5,72      8,00      0,00      0,00      0,00      0,00
08:00:01       dev9-3    139,49   3846,40  10809,91    105,07      0,00      0,00      0,00      0,00
08:00:01       dev9-2      0,03      0,27      0,00      8,00      0,00      0,00      0,00      0,00
08:10:01      dev8-16     36,13   1852,76   5360,13    199,64      0,24      6,78      2,16      7,80
08:10:01       dev8-0     36,08   1851,94   5359,43    199,88      0,22      6,21      2,14      7,73
08:10:01       dev9-0      0,00      0,00      0,00      0,00      0,00      0,00      0,00      0,00
08:10:01       dev9-1      0,78      0,00      6,25      8,00      0,00      0,00      0,00      0,00
08:10:01       dev9-3    139,60   3704,37  10702,80    103,20      0,00      0,00      0,00      0,00
08:10:01       dev9-2      0,03      0,23      0,00      8,00      0,00      0,00      0,00      0,00
08:20:01      dev8-16     40,85   2102,90   5397,78    183,61      0,31      7,71      1,97      8,07
08:20:01       dev8-0     41,52   2102,76   5400,80    180,74      0,31      7,46      1,98      8,22
08:20:01       dev9-0      0,00      0,00      0,00      0,00      0,00      0,00      0,00      0,00
08:20:01       dev9-1      0,73      0,00      5,83      8,00      0,00      0,00      0,00      0,00
08:20:01       dev9-3    148,56   4205,66  10782,65    100,89      0,00      0,00      0,00      0,00
08:20:01       dev9-2      0,00      0,00      0,00      0,00      0,00      0,00      0,00      0,00
08:30:01      dev8-16     38,27   1781,69   5371,99    186,94      0,29      7,62      2,07      7,92
08:30:01       dev8-0     38,40   1782,59   5374,53    186,39      0,29      7,54      2,06      7,90
08:30:01       dev9-0      0,00      0,00      0,00      0,00      0,00      0,00      0,00      0,00
08:30:01       dev9-1      0,74      0,00      5,91      7,98      0,00      0,00      0,00      0,00
08:30:01       dev9-3    141,33   3564,23  10730,79    101,15      0,00      0,00      0,00      0,00
08:30:01       dev9-2      0,01      0,05      0,00      8,00      0,00      0,00      0,00      0,00
08:40:01      dev8-16     37,88   2036,58   5451,12    197,69      0,27      7,13      2,16      8,18
08:40:01       dev8-0     37,71   2037,48   5450,42    198,58      0,26      6,77      2,12      7,99
08:40:01       dev9-0      0,00      0,00      0,00      0,00      0,00      0,00      0,00      0,00
08:40:01       dev9-1      0,80      0,00      6,37      8,00      0,00      0,00      0,00      0,00
08:40:01       dev9-3    145,32   4073,96  10884,55    102,93      0,00      0,00      0,00      0,00
08:40:01       dev9-2      0,00      0,00      0,00      0,00      0,00      0,00      0,00      0,00
08:50:01      dev8-16     34,10   2005,02   5420,62    217,78      0,22      6,52      2,29      7,81
08:50:01       dev8-0     34,43   2005,29   5421,71    215,74      0,21      6,12      2,29      7,89
08:50:01       dev9-0      0,00      0,00      0,00      0,00      0,00      0,00      0,00      0,00
08:50:01       dev9-1      0,71      0,00      5,65      8,00      0,00      0,00      0,00      0,00
08:50:01       dev9-3    140,96   4010,31  10826,99    105,26      0,00      0,00      0,00      0,00
08:50:01       dev9-2      0,00      0,00      0,00      0,00      0,00      0,00      0,00      0,00
09:00:01      dev8-16     32,23   1722,70   5390,22    220,72      0,19      5,81      2,38      7,66
09:00:01       dev8-0     32,28   1724,87   5388,08    220,38      0,18      5,57      2,35      7,59
09:00:01       dev9-0      0,00      0,00      0,00      0,00      0,00      0,00      0,00      0,00
09:00:01       dev9-1      0,75      0,00      5,96      8,00      0,00      0,00      0,00      0,00
09:00:01       dev9-3    134,81   3444,38  10762,46    105,38      0,00      0,00      0,00      0,00
09:00:01       dev9-2      0,40      3,19      0,00      8,00      0,00      0,00      0,00      0,00
09:10:01      dev8-16     33,95   1797,48   5443,49    213,29      0,22      6,51      2,37      8,03
09:10:01       dev8-0     34,16   1798,85   5439,92    211,89      0,22      6,40      2,32      7,92
09:10:01       dev9-0      0,00      0,00      0,00      0,00      0,00      0,00      0,00      0,00
09:10:01       dev9-1      0,82      0,00      6,55      8,00      0,00      0,00      0,00      0,00
09:10:01       dev9-3    138,09   3594,94  10866,09    104,72      0,00      0,00      0,00      0,00
09:10:01       dev9-2      0,16      1,28      0,00      8,00      0,00      0,00      0,00      0,00
09:20:01      dev8-16     38,35   1701,66   5397,68    185,14      0,28      7,35      2,12      8,14
09:20:01       dev8-0     38,87   1696,11   5400,92    182,58      0,27      6,93      2,05      7,98
09:20:01       dev9-0      0,00      0,00      0,00      0,00      0,00      0,00      0,00      0,00
09:20:01       dev9-1      0,71      0,00      5,66      8,00      0,00      0,00      0,00      0,00
09:20:01       dev9-3    140,71   3395,63  10783,67    100,77      0,00      0,00      0,00      0,00
09:20:01       dev9-2      0,27      2,14      0,00      8,00      0,00      0,00      0,00      0,00
09:30:01      dev8-16     39,53   1767,40   5367,65    180,51      0,31      7,95      2,04      8,05
09:30:01       dev8-0     39,87   1766,15   5369,48    178,97      0,30      7,63      2,03      8,10
09:30:01       dev9-0      0,00      0,00      0,00      0,00      0,00      0,00      0,00      0,00
09:30:01       dev9-1      0,74      0,00      5,95      8,00      0,00      0,00      0,00      0,00
09:30:01       dev9-3    142,33   3533,33  10721,55    100,15      0,00      0,00      0,00      0,00
09:30:01       dev9-2      0,03      0,23      0,00      8,00      0,00      0,00      0,00      0,00
09:40:01      dev8-16     38,53   1892,78   5435,19    190,21      0,30      7,80      2,19      8,44
09:40:01       dev8-0     39,24   1892,09   5436,74    186,77      0,29      7,38      2,17      8,50
09:40:01       dev9-0      0,00      0,00      0,00      0,00      0,00      0,00      0,00      0,00
09:40:01       dev9-1      0,77      0,00      6,18      8,00      0,00      0,00      0,00      0,00
09:40:01       dev9-3    144,40   3784,70  10855,22    101,38      0,00      0,00      0,00      0,00
09:40:01       dev9-2      0,01      0,07      0,00      8,00      0,00      0,00      0,00      0,00
09:50:01      dev8-16     25,10   1353,65   4245,12    223,09      0,15      5,96      2,57      6,44
09:50:01       dev8-0     25,02   1353,65   4241,96    223,66      0,14      5,70      2,50      6,27
09:50:01       dev9-0      0,00      0,00      0,00      0,00      0,00      0,00      0,00      0,00
09:50:01       dev9-1      0,69      0,00      5,56      8,00      0,00      0,00      0,00      0,00
09:50:01       dev9-3    105,66   2707,30   8472,05    105,80      0,00      0,00      0,00      0,00
09:50:01       dev9-2      0,00      0,00      0,00      0,00      0,00      0,00      0,00      0,00
10:00:01      dev8-16     10,29    782,10    329,85    108,03      0,10      9,25      2,37      2,44
10:00:01       dev8-0     10,20    782,72    327,34    108,83      0,08      8,30      2,32      2,37
10:00:01       dev9-0      0,00      0,00      0,00      0,00      0,00      0,00      0,00      0,00
10:00:01       dev9-1      0,74      0,00      5,88      7,98      0,00      0,00      0,00      0,00
10:00:01       dev9-3     25,42   1564,70    641,39     86,79      0,00      0,00      0,00      0,00
10:00:01       dev9-2      0,02      0,12      0,00      8,00      0,00      0,00      0,00      0,00
10:10:01      dev8-16     10,45    908,07     83,27     94,90      0,10      9,33      2,21      2,31
10:10:01       dev8-0     10,27    908,50     82,03     96,44      0,08      8,21      2,11      2,17
10:10:01       dev9-0      0,00      0,00      0,00      0,00      0,00      0,00      0,00      0,00
10:10:01       dev9-1      0,99      0,44      7,44      8,00      0,00      0,00      0,00      0,00
10:10:01       dev9-3     23,31   1816,02    145,87     84,18      0,00      0,00      0,00      0,00
10:10:01       dev9-2      0,00      0,00      0,00      0,00      0,00      0,00      0,00      0,00
10:20:01      dev8-16     10,16    944,99     91,49    102,02      0,10      9,47      2,29      2,33
10:20:01       dev8-0      9,72    945,72     86,45    106,16      0,08      8,15      2,03      1,98
10:20:01       dev9-0      0,00      0,00      0,00      0,00      0,00      0,00      0,00      0,00
10:20:01       dev9-1      0,69      0,00      5,50      8,00      0,00      0,00      0,00      0,00
10:20:01       dev9-3     23,81   1890,71    163,51     86,26      0,00      0,00      0,00      0,00
10:20:01       dev9-2      0,00      0,00      0,00      0,00      0,00      0,00      0,00      0,00
10:30:01      dev8-16     11,36    953,03    153,23     97,39      0,11      9,39      2,19      2,48
10:30:01       dev8-0     11,17    951,35    148,18     98,40      0,10      8,91      1,92      2,14
10:30:01       dev9-0      0,00      0,00      0,00      0,00      0,00      0,00      0,00      0,00
10:30:01       dev9-1      0,78      0,00      6,25      8,00      0,00      0,00      0,00      0,00
10:30:01       dev9-3     25,77   1904,38    284,65     84,96      0,00      0,00      0,00      0,00
10:30:01       dev9-2      0,00      0,00      0,00      0,00      0,00      0,00      0,00      0,00
10:40:01      dev8-16      8,90    994,08     18,44    113,75      0,09     10,43      2,14      1,90
10:40:01       dev8-0      9,73    995,52     24,07    104,79      0,09      8,80      2,09      2,04
10:40:01       dev9-0      0,00      0,00      0,00      0,00      0,00      0,00      0,00      0,00
10:40:01       dev9-1      0,78      0,00      6,23      7,98      0,00      0,00      0,00      0,00
10:40:01       dev9-3     22,81   1989,50     25,75     88,36      0,00      0,00      0,00      0,00
10:40:01       dev9-2      0,00      0,00      0,00      0,00      0,00      0,00      0,00      0,00
10:50:01      dev8-16      7,97    774,63     14,44     98,99      0,07      8,40      2,08      1,66
10:50:01       dev8-0      7,89    773,94     13,29     99,72      0,06      7,93      1,99      1,57
10:50:01       dev9-0      0,00      0,00      0,00      0,00      0,00      0,00      0,00      0,00
10:50:01       dev9-1      0,68      0,00      5,41      7,98      0,00      0,00      0,00      0,00
10:50:01       dev9-3     18,27   1548,57     13,30     85,47      0,00      0,00      0,00      0,00
10:50:01       dev9-2      0,00      0,00      0,00      0,00      0,00      0,00      0,00      0,00
11:00:01      dev8-16    132,71     40,76  63613,91    479,64      0,80      6,05      2,50     33,22
11:00:01       dev8-0    134,00     40,26  63622,70    475,08      0,82      6,15      2,56     34,36
11:00:01       dev9-0      0,00      0,00      0,00      0,00      0,00      0,00      0,00      0,00
11:00:01       dev9-1      1,06      1,55      7,20      8,24      0,00      0,00      0,00      0,00
11:00:01       dev9-3   1054,07     79,44 127217,89    120,77      0,00      0,00      0,00      0,00
11:00:01       dev9-2      0,00      0,03      0,00      8,00      0,00      0,00      0,00      0,00
11:10:01      dev8-16     65,39   1477,73  27387,52    441,46      0,44      6,66      2,54     16,64
11:10:01       dev8-0     65,71   1477,58  27388,45    439,29      0,45      6,79      2,61     17,12
11:10:01       dev9-0      0,00      0,00      0,00      0,00      0,00      0,00      0,00      0,00
11:10:01       dev9-1      0,90      0,00      7,24      8,00      0,00      0,00      0,00      0,00
11:10:01       dev9-3    482,68   2957,41  54756,98    119,57      0,00      0,00      0,00      0,00
11:10:01       dev9-2      0,01      0,11      0,00      8,00      0,00      0,00      0,00      0,00
11:20:01      dev8-16     33,79   5624,62   2291,05    234,28      0,30      9,00      1,80      6,09
11:20:01       dev8-0     33,30   5615,51   2289,03    237,35      0,31      9,37      1,82      6,08
11:20:01       dev9-0      0,00      0,00      0,00      0,00      0,00      0,00      0,00      0,00
11:20:01       dev9-1      0,70      0,09      5,62      8,11      0,00      0,00      0,00      0,00
11:20:01       dev9-3    143,41  11230,61   4565,23    110,14      0,00      0,00      0,00      0,00
11:20:01       dev9-2      0,89      7,16      0,00      8,00      0,00      0,00      0,00      0,00
11:30:01      dev8-16     41,43   6142,60   4357,67    253,43      0,33      8,03      1,77      7,33
11:30:01       dev8-0     40,81   6142,35   4351,80    257,17      0,33      8,10      1,84      7,50
11:30:01       dev9-0      0,00      0,00      0,00      0,00      0,00      0,00      0,00      0,00
11:30:01       dev9-1      0,77      0,00      6,15      8,00      0,00      0,00      0,00      0,00
11:30:01       dev9-3    187,98  12284,09   8693,31    111,59      0,00      0,00      0,00      0,00
11:30:01       dev9-2      0,11      0,86      0,00      8,00      0,00      0,00      0,00      0,00
11:40:01      dev8-16     65,04  10139,59   4535,76    225,65      0,52      8,05      1,54     10,04
11:40:01       dev8-0     64,64  10140,84   4528,36    226,94      0,51      7,85      1,52      9,85
11:40:01       dev9-0      0,00      0,00      0,00      0,00      0,00      0,00      0,00      0,00
11:40:01       dev9-1      0,81      0,00      6,49      8,00      0,00      0,00      0,00      0,00
11:40:01       dev9-3    271,27  20280,22   9046,78    108,11      0,00      0,00      0,00      0,00
11:40:01       dev9-2      0,01      0,11      0,00      8,00      0,00      0,00      0,00      0,00
11:50:01      dev8-16     63,85  10338,79   5809,71    252,92      0,54      8,51      1,60     10,24
11:50:01       dev8-0     64,05  10341,23   5811,55    252,20      0,54      8,46      1,61     10,29
11:50:01       dev9-0      0,00      0,00      0,00      0,00      0,00      0,00      0,00      0,00
11:50:01       dev9-1      0,73      0,00      5,88      8,00      0,00      0,00      0,00      0,00
11:50:01       dev9-3    287,78  20680,02  11605,48    112,19      0,00      0,00      0,00      0,00
11:50:01       dev9-2      0,00      0,00      0,00      0,00      0,00      0,00      0,00      0,00
12:00:01      dev8-16     33,07   3807,32   5878,92    292,91      0,25      7,66      1,89      6,25
12:00:01       dev8-0     33,50   3809,26   5887,36    289,45      0,26      7,85      1,92      6,43
12:00:01       dev9-0      0,00      0,00      0,00      0,00      0,00      0,00      0,00      0,00
12:00:01       dev9-1      0,74      0,00      5,94      8,00      0,00      0,00      0,00      0,00
12:00:01       dev9-3    169,96   7616,58  11750,46    113,95      0,00      0,00      0,00      0,00
12:00:01       dev9-2      0,00      0,00      0,00      0,00      0,00      0,00      0,00      0,00
12:10:01      dev8-16     29,45    265,66  10224,13    356,15      0,16      5,42      2,44      7,20
12:10:01       dev8-0     29,73    272,56  10226,54    353,21      0,16      5,50      2,51      7,46
12:10:01       dev9-0      0,00      0,00      0,00      0,00      0,00      0,00      0,00      0,00
12:10:01       dev9-1      0,79      0,00      6,30      7,98      0,00      0,00      0,00      0,00
12:10:01       dev9-3    180,93    538,07  20434,04    115,91      0,00      0,00      0,00      0,00
12:10:01       dev9-2      0,01      0,04      0,00      8,00      0,00      0,00      0,00      0,00
12:20:02      dev8-16    117,47   2052,42  35189,21    317,04      0,59      5,01      2,11     24,81
12:20:02       dev8-0    118,79   2057,72  35188,70    313,54      0,61      5,13      2,19     26,03
12:20:02       dev9-0      0,00      0,00      0,00      0,00      0,00      0,00      0,00      0,00
12:20:02       dev9-1      0,72      0,00      5,71      7,98      0,00      0,00      0,00      0,00
12:20:02       dev9-3    652,31   4109,91  70364,28    114,17      0,00      0,00      0,00      0,00
12:20:02       dev9-2      0,03      0,22      0,00      8,00      0,00      0,00      0,00      0,00
12:30:01      dev8-16     38,92   1372,15  14230,94    400,91      0,31      7,96      2,76     10,76
12:30:01       dev8-0     39,17   1383,84  14227,66    398,60      0,31      7,95      2,74     10,75
12:30:01       dev9-0      0,00      0,00      0,00      0,00      0,00      0,00      0,00      0,00
12:30:01       dev9-1      0,72      0,00      5,78      8,00      0,00      0,00      0,00      0,00
12:30:01       dev9-3    262,86   2755,98  28469,34    118,79      0,00      0,00      0,00      0,00
12:30:01       dev9-2      0,00      0,01      0,00      8,00      0,00      0,00      0,00      0,00
12:40:01      dev8-16     24,58   1341,16   8245,17    389,95      0,21      8,65      2,83      6,96
12:40:01       dev8-0     24,97   1354,07   8245,60    384,45      0,22      8,71      2,94      7,35
12:40:01       dev9-0      0,00      0,00      0,00      0,00      0,00      0,00      0,00      0,00
12:40:01       dev9-1      0,78      0,00      6,26      7,98      0,00      0,00      0,00      0,00
12:40:01       dev9-3    161,31   2695,13  16447,10    118,67      0,00      0,00      0,00      0,00
12:40:01       dev9-2      0,00      0,00      0,00      0,00      0,00      0,00      0,00      0,00
12:50:01      dev8-16     25,19   1436,67   8315,31    387,08      0,23      9,15      2,91      7,34
12:50:01       dev8-0     25,37   1443,06   8315,33    384,69      0,22      8,86      2,87      7,27
12:50:01       dev9-0      0,00      0,00      0,00      0,00      0,00      0,00      0,00      0,00
12:50:01       dev9-1      0,67      0,00      5,39      8,00      0,00      0,00      0,00      0,00
12:50:01       dev9-3    164,19   2879,63  16616,41    118,74      0,00      0,00      0,00      0,00
12:50:01       dev9-2      0,01      0,11      0,00      8,00      0,00      0,00      0,00      0,00
13:00:01      dev8-16     25,93   1329,07   8254,72    369,66      0,24      9,39      2,77      7,19
13:00:01       dev8-0     26,12   1336,97   8251,18    367,02      0,24      9,22      2,75      7,19
13:00:01       dev9-0      0,00      0,00      0,00      0,00      0,00      0,00      0,00      0,00
13:00:01       dev9-1      0,75      0,00      6,00      8,00      0,00      0,00      0,00      0,00
13:00:01       dev9-3    162,98   2665,98  16490,02    117,53      0,00      0,00      0,00      0,00
13:00:01       dev9-2      0,01      0,07      0,00      8,00      0,00      0,00      0,00      0,00
13:10:01      dev8-16     30,94   1816,96   8244,36    325,17      0,31     10,02      2,59      8,02
13:10:01       dev8-0     30,81   1825,73   8239,89    326,71      0,30      9,77      2,52      7,76
13:10:01       dev9-0      0,00      0,00      0,00      0,00      0,00      0,00      0,00      0,00
13:10:01       dev9-1      0,79      0,00      6,34      8,00      0,00      0,00      0,00      0,00
13:10:01       dev9-3    174,53   3642,41  16467,16    115,22      0,00      0,00      0,00      0,00
13:10:01       dev9-2      0,02      0,17      0,00      8,00      0,00      0,00      0,00      0,00
13:20:01      dev8-16     30,63   1948,82   8272,78    333,72      0,29      9,39      2,53      7,76
13:20:01       dev8-0     30,42   1955,73   8267,73    336,06      0,28      9,14      2,52      7,67
13:20:01       dev9-0      0,00      0,00      0,00      0,00      0,00      0,00      0,00      0,00
13:20:01       dev9-1      0,69      0,00      5,55      8,00      0,00      0,00      0,00      0,00
13:20:01       dev9-3    176,20   3904,54  16525,99    115,95      0,00      0,00      0,00      0,00
13:20:01       dev9-2      0,00      0,00      0,00      0,00      0,00      0,00      0,00      0,00
13:30:02      dev8-16     27,51   1709,65   6987,70    316,11      0,27      9,83      2,41      6,63
13:30:02       dev8-0     27,63   1717,83   6983,71    314,90      0,27      9,66      2,41      6,67
13:30:02       dev9-0      0,00      0,00      0,00      0,00      0,00      0,00      0,00      0,00
13:30:02       dev9-1      0,76      0,00      6,08      7,98      0,00      0,00      0,00      0,00
13:30:02       dev9-3    151,44   3427,49  13958,79    114,81      0,00      0,00      0,00      0,00
13:30:02       dev9-2      0,00      0,00      0,00      0,00      0,00      0,00      0,00      0,00
13:40:01      dev8-16      9,32    684,46   1577,64    242,68      0,06      6,62      2,58      2,41
13:40:01       dev8-0      9,53    698,89   1576,26    238,72      0,06      6,55      2,69      2,57
13:40:01       dev9-0      0,00      0,00      0,00      0,00      0,00      0,00      0,00      0,00
13:40:01       dev9-1      0,87      0,00      6,95      8,00      0,00      0,00      0,00      0,00
13:40:01       dev9-3     40,85   1343,78   3131,95    109,58      0,00      0,00      0,00      0,00
13:40:01       dev9-2      4,93     39,46      0,00      8,00      0,00      0,00      0,00      0,00
13:50:01      dev8-16      6,62    857,25     16,58    131,93      0,05      7,27      2,28      1,51
13:50:01       dev8-0      6,41    857,42     15,11    136,02      0,05      8,02      2,48      1,59
13:50:01       dev9-0      0,00      0,00      0,00      0,00      0,00      0,00      0,00      0,00
13:50:01       dev9-1      0,74      0,00      5,94      8,00      0,00      0,00      0,00      0,00
13:50:01       dev9-3     17,90   1714,67     15,57     96,68      0,00      0,00      0,00      0,00
13:50:01       dev9-2      0,00      0,00      0,00      0,00      0,00      0,00      0,00      0,00
14:00:01      dev8-16      6,16    871,26     14,65    143,80      0,04      6,57      2,52      1,55
14:00:01       dev8-0      5,93    871,54     13,08    149,21      0,05      8,01      2,63      1,56
14:00:01       dev9-0      0,00      0,00      0,00      0,00      0,00      0,00      0,00      0,00
14:00:01       dev9-1      0,70      0,00      5,64      8,00      0,00      0,00      0,00      0,00
14:00:01       dev9-3     17,64   1742,79     12,80     99,52      0,00      0,00      0,00      0,00
14:00:01       dev9-2      0,00      0,00      0,00      0,00      0,00      0,00      0,00      0,00
14:10:01      dev8-16      6,06    830,83     16,02    139,66      0,04      6,42      2,48      1,51
14:10:01       dev8-0      5,97    830,74     14,55    141,71      0,04      7,44      2,67      1,59
14:10:01       dev9-0      0,00      0,00      0,00      0,00      0,00      0,00      0,00      0,00
14:10:01       dev9-1      0,81      0,00      6,45      7,98      0,00      0,00      0,00      0,00
14:10:01       dev9-3     16,90   1660,73     13,25     99,03      0,00      0,00      0,00      0,00
14:10:01       dev9-2      0,09      0,73      0,00      8,00      0,00      0,00      0,00      0,00
14:20:01      dev8-16      6,14    902,58     14,24    149,25      0,04      6,84      2,34      1,44
14:20:01       dev8-0      6,16    901,78     13,01    148,60      0,05      8,19      2,60      1,60
14:20:01       dev9-0      0,00      0,00      0,00      0,00      0,00      0,00      0,00      0,00
14:20:01       dev9-1      0,70      0,00      5,58      7,98      0,00      0,00      0,00      0,00
14:20:01       dev9-3     18,07   1804,37     12,08    100,55      0,00      0,00      0,00      0,00
14:20:01       dev9-2      0,00      0,00      0,00      0,00      0,00      0,00      0,00      0,00
14:30:01      dev8-16      7,15   1009,97     14,71    143,39      0,06      7,97      2,22      1,59
14:30:01       dev8-0      7,09   1009,59     13,14    144,29      0,06      8,89      2,39      1,70
14:30:01       dev9-0      0,00      0,00      0,00      0,00      0,00      0,00      0,00      0,00
14:30:01       dev9-1      0,70      0,00      5,58      8,00      0,00      0,00      0,00      0,00
14:30:01       dev9-3     20,46   2019,56     12,94     99,35      0,00      0,00      0,00      0,00
14:30:01       dev9-2      0,00      0,00      0,00      0,00      0,00      0,00      0,00      0,00
14:40:01      dev8-16      6,97   1014,66     15,03    147,70      0,05      7,72      2,17      1,51
14:40:01       dev8-0      6,90   1013,80     13,77    148,86      0,06      9,14      2,43      1,68
14:40:01       dev9-0      0,00      0,00      0,00      0,00      0,00      0,00      0,00      0,00
14:40:01       dev9-1      0,77      0,00      6,17      8,00      0,00      0,00      0,00      0,00
14:40:01       dev9-3     20,17   2028,35     12,34    101,17      0,00      0,00      0,00      0,00
14:40:01       dev9-2      0,00      0,00      0,00      0,00      0,00      0,00      0,00      0,00
14:50:01      dev8-16      6,77    901,19     16,62    135,47      0,05      7,46      2,29      1,55
14:50:01       dev8-0      6,61    901,53     15,25    138,70      0,06      8,82      2,47      1,63
14:50:01       dev9-0      0,00      0,00      0,00      0,00      0,00      0,00      0,00      0,00
14:50:01       dev9-1      0,80      0,01      6,37      8,00      0,00      0,00      0,00      0,00
14:50:01       dev9-3     18,43   1802,71     14,85     98,60      0,00      0,00      0,00      0,00
14:50:01       dev9-2      0,00      0,00      0,00      0,00      0,00      0,00      0,00      0,00
15:00:01      dev8-16      6,63    902,94     15,78    138,57      0,05      7,18      2,30      1,53
15:00:01       dev8-0      6,66    902,90     14,56    137,68      0,05      8,08      2,41      1,61
15:00:01       dev9-0      0,00      0,00      0,00      0,00      0,00      0,00      0,00      0,00
15:00:01       dev9-1      0,84      0,00      6,74      8,00      0,00      0,00      0,00      0,00
15:00:01       dev9-3     18,38   1805,83     12,78     98,92      0,00      0,00      0,00      0,00
15:00:01       dev9-2      0,00      0,00      0,00      0,00      0,00      0,00      0,00      0,00
15:10:01      dev8-16      6,71    863,52     32,06    133,40      0,05      8,05      2,48      1,67
15:10:01       dev8-0      7,96    862,89     40,61    113,45      0,07      8,50      2,72      2,17
15:10:01       dev9-0      0,00      0,00      0,00      0,00      0,00      0,00      0,00      0,00
15:10:01       dev9-1      0,93      0,44      7,02      8,00      0,00      0,00      0,00      0,00
15:10:01       dev9-3     19,49   1724,97     54,13     91,29      0,00      0,00      0,00      0,00
15:10:01       dev9-2      0,11      0,89      0,00      8,00      0,00      0,00      0,00      0,00
15:20:01      dev8-16      2,66     22,69     16,50     14,72      0,01      4,48      3,98      1,06
15:20:01       dev8-0      2,52     16,60     17,13     13,40      0,01      4,27      3,59      0,90
15:20:01       dev9-0      0,00      0,00      0,00      0,00      0,00      0,00      0,00      0,00
15:20:01       dev9-1      0,72      0,00      5,76      8,00      0,00      0,00      0,00      0,00
15:20:01       dev9-3      2,73     31,21     18,24     18,09      0,00      0,00      0,00      0,00
15:20:01       dev9-2      1,01      8,07      0,00      8,00      0,00      0,00      0,00      0,00
15:30:01      dev8-16      2,12      0,00     13,93      6,58      0,01      4,71      4,21      0,89
15:30:01       dev8-0      2,02      0,21     14,48      7,28      0,01      4,15      3,61      0,73
15:30:01       dev9-0      0,00      0,00      0,00      0,00      0,00      0,00      0,00      0,00
15:30:01       dev9-1      0,76      0,00      6,10      7,98      0,00      0,00      0,00      0,00
15:30:01       dev9-3      1,58      0,21     12,14      7,81      0,00      0,00      0,00      0,00
15:30:01       dev9-2      0,00      0,00      0,00      0,00      0,00      0,00      0,00      0,00
15:40:01      dev8-16     69,36    140,97  20903,32    303,41      0,32      4,61      2,04     14,15
15:40:01       dev8-0     70,12    164,23  20903,89    300,46      0,33      4,75      2,21     15,53
15:40:01       dev9-0      0,00      0,00      0,00      0,00      0,00      0,00      0,00      0,00
15:40:01       dev9-1      0,74      0,00      5,96      8,00      0,00      0,00      0,00      0,00
15:40:01       dev9-3    371,99    274,92  41791,25    113,09      0,00      0,00      0,00      0,00
15:40:01       dev9-2      3,77     30,18      0,00      8,00      0,00      0,00      0,00      0,00
15:50:01      dev8-16     21,67      0,00   5237,20    241,67      0,07      3,46      2,66      5,77
15:50:01       dev8-0     21,49      0,00   5237,83    243,74      0,07      3,44      2,69      5,78
15:50:01       dev9-0      0,00      0,00      0,00      0,00      0,00      0,00      0,00      0,00
15:50:01       dev9-1      0,68      0,00      5,42      8,00      0,00      0,00      0,00      0,00
15:50:01       dev9-3     98,63      0,00  10460,86    106,06      0,00      0,00      0,00      0,00
15:50:01       dev9-2      0,00      0,00      0,00      0,00      0,00      0,00      0,00      0,00
16:00:01      dev8-16     21,71      0,00   5292,82    243,75      0,07      3,41      2,67      5,79
16:00:01       dev8-0     21,85      0,03   5291,46    242,21      0,08      3,56      2,74      5,98
16:00:01       dev9-0      0,00      0,00      0,00      0,00      0,00      0,00      0,00      0,00
16:00:01       dev9-1      0,70      0,00      5,58      8,00      0,00      0,00      0,00      0,00
16:00:01       dev9-3     99,99      0,03  10573,12    105,75      0,00      0,00      0,00      0,00
16:00:01       dev9-2      0,00      0,00      0,00      0,00      0,00      0,00      0,00      0,00
16:10:01      dev8-16     21,15      0,57   4970,42    235,05      0,07      3,36      2,66      5,62
16:10:01       dev8-0     21,04      0,44   4970,13    236,20      0,07      3,42      2,67      5,61
16:10:01       dev9-0      0,00      0,00      0,00      0,00      0,00      0,00      0,00      0,00
16:10:01       dev9-1      0,81      0,00      6,46      8,00      0,00      0,00      0,00      0,00
16:10:01       dev9-3     94,36      0,01   9919,69    105,13      0,00      0,00      0,00      0,00
16:10:01       dev9-2      0,11      0,89      0,00      8,00      0,00      0,00      0,00      0,00
16:20:01      dev8-16     22,20      0,00   5350,27    241,00      0,08      3,64      2,78      6,16
16:20:01       dev8-0     22,19      0,00   5350,44    241,14      0,08      3,64      2,77      6,14
16:20:01       dev9-0      0,00      0,00      0,00      0,00      0,00      0,00      0,00      0,00
16:20:01       dev9-1      0,73      0,00      5,86      7,98      0,00      0,00      0,00      0,00
16:20:01       dev9-3    101,12      0,00  10684,87    105,67      0,00      0,00      0,00      0,00
16:20:01       dev9-2      0,00      0,00      0,00      0,00      0,00      0,00      0,00      0,00
16:30:01      dev8-16     20,49      0,00   4921,41    240,17      0,07      3,51      2,71      5,55
16:30:01       dev8-0     20,32      0,00   4920,24    242,16      0,07      3,51      2,74      5,58
16:30:01       dev9-0      0,00      0,00      0,00      0,00      0,00      0,00      0,00      0,00
16:30:01       dev9-1      0,71      0,00      5,71      8,00      0,00      0,00      0,00      0,00
16:30:01       dev9-3     93,06      0,00   9826,36    105,59      0,00      0,00      0,00      0,00
16:30:01       dev9-2      0,00      0,00      0,00      0,00      0,00      0,00      0,00      0,00
16:40:01      dev8-16     22,42      0,00   5370,36    239,53      0,08      3,40      2,67      5,99
16:40:01       dev8-0     22,40      0,12   5371,87    239,79      0,08      3,50      2,71      6,07
16:40:01       dev9-0      0,00      0,00      0,00      0,00      0,00      0,00      0,00      0,00
16:40:01       dev9-1      0,78      0,00      6,20      8,00      0,00      0,00      0,00      0,00
16:40:01       dev9-3    101,64      0,01  10725,66    105,53      0,00      0,00      0,00      0,00
16:40:01       dev9-2      0,00      0,00      0,00      0,00      0,00      0,00      0,00      0,00
16:50:01      dev8-16     22,07      0,00   5358,91    242,80      0,08      3,59      2,69      5,95
16:50:01       dev8-0     22,08      0,00   5356,82    242,56      0,08      3,53      2,72      6,01
16:50:01       dev9-0      0,00      0,00      0,00      0,00      0,00      0,00      0,00      0,00
16:50:01       dev9-1      0,72      0,00      5,74      8,00      0,00      0,00      0,00      0,00
16:50:01       dev9-3    101,23      0,00  10700,33    105,71      0,00      0,00      0,00      0,00
16:50:01       dev9-2      0,00      0,00      0,00      0,00      0,00      0,00      0,00      0,00
17:00:01      dev8-16     94,76      0,00  44586,75    470,52      0,56      5,96      2,52     23,93
17:00:01       dev8-0     95,40      2,92  44589,64    467,42      0,57      5,97      2,57     24,49
17:00:01       dev9-0      0,00      0,00      0,00      0,00      0,00      0,00      0,00      0,00
17:00:01       dev9-1      0,74      0,00      5,91      8,00      0,00      0,00      0,00      0,00
17:00:01       dev9-3    740,40      0,00  89160,51    120,42      0,00      0,00      0,00      0,00
17:00:01       dev9-2      0,37      2,92      0,00      8,00      0,00      0,00      0,00      0,00
17:10:01      dev8-16     54,98      1,05  25861,01    470,42      0,35      6,40      2,74     15,07
17:10:01       dev8-0     55,34      2,06  25864,72    467,39      0,35      6,41      2,81     15,54
17:10:01       dev9-0      0,00      0,00      0,00      0,00      0,00      0,00      0,00      0,00
17:10:01       dev9-1      0,92      0,44      6,92      7,99      0,00      0,00      0,00      0,00
17:10:01       dev9-3    430,09      0,22  51707,84    120,23      0,00      0,00      0,00      0,00
17:10:01       dev9-2      0,29      2,34      0,00      8,00      0,00      0,00      0,00      0,00
17:20:01      dev8-16     55,31   2242,55  20755,33    415,80      0,39      7,11      2,54     14,04
17:20:01       dev8-0     55,70   2240,43  20759,46    412,90      0,40      7,17      2,58     14,35
17:20:01       dev9-0      0,00      0,00      0,00      0,00      0,00      0,00      0,00      0,00
17:20:01       dev9-1      0,72      0,00      5,75      8,00      0,00      0,00      0,00      0,00
17:20:01       dev9-3    386,70   4482,98  41499,31    118,91      0,00      0,00      0,00      0,00
17:20:01       dev9-2      0,00      0,00      0,00      0,00      0,00      0,00      0,00      0,00
17:30:01      dev8-16     68,22  10322,25   7440,81    260,38      0,66      9,74      1,79     12,20
17:30:01       dev8-0     68,13  10320,11   7439,38    260,66      0,66      9,73      1,78     12,13
17:30:01       dev9-0      0,00      0,00      0,00      0,00      0,00      0,00      0,00      0,00
17:30:01       dev9-1      0,71      0,00      5,64      8,00      0,00      0,00      0,00      0,00
17:30:01       dev9-3    315,44  20642,36  14865,20    112,56      0,00      0,00      0,00      0,00
17:30:01       dev9-2      0,00      0,00      0,00      0,00      0,00      0,00      0,00      0,00
17:40:01      dev8-16     63,07   9672,79   6970,33    263,86      0,59      9,41      1,81     11,41
17:40:01       dev8-0     64,56   9673,64   6984,74    258,03      0,59      9,10      1,80     11,61
17:40:01       dev9-0      0,00      0,00      0,00      0,00      0,00      0,00      0,00      0,00
17:40:01       dev9-1      0,72      0,00      5,74      8,00      0,00      0,00      0,00      0,00
17:40:01       dev9-3    296,26  19346,32  13939,66    112,35      0,00      0,00      0,00      0,00
17:40:01       dev9-2      0,00      0,00      0,00      0,00      0,00      0,00      0,00      0,00
17:50:01      dev8-16     73,41  10098,71  11546,08    294,85      0,73      9,97      1,97     14,47
17:50:01       dev8-0     74,91  10108,80  11556,90    289,21      0,78     10,43      2,03     15,18
17:50:01       dev9-0      0,00      0,00      0,00      0,00      0,00      0,00      0,00      0,00
17:50:01       dev9-1      0,77      0,00      6,14      8,00      0,00      0,00      0,00      0,00
17:50:01       dev9-3    376,19  20207,51  23087,05    115,09      0,00      0,00      0,00      0,00
17:50:01       dev9-2      0,00      0,00      0,00      0,00      0,00      0,00      0,00      0,00
18:00:01      dev8-16     62,72   8982,96   8009,84    270,94      0,61      9,68      1,92     12,02
18:00:01       dev8-0     62,89   9001,70   8011,11    270,53      0,63      9,94      2,00     12,57
18:00:01       dev9-0      0,00      0,00      0,00      0,00      0,00      0,00      0,00      0,00
18:00:01       dev9-1      0,94      0,00      7,52      8,00      0,00      0,00      0,00      0,00
18:00:01       dev9-3    299,48  17984,66  16003,49    113,49      0,00      0,00      0,00      0,00
18:00:01       dev9-2      0,00      0,00      0,00      0,00      0,00      0,00      0,00      0,00
18:10:01      dev8-16    122,92   4442,26  36801,42    335,53      0,96      7,82      2,41     29,66
18:10:01       dev8-0    124,13   4487,78  36787,87    332,52      1,03      8,27      2,51     31,12
18:10:01       dev9-0      0,00      0,00      0,00      0,00      0,00      0,00      0,00      0,00
18:10:01       dev9-1      0,83      0,00      6,67      8,00      0,00      0,00      0,00      0,00
18:10:01       dev9-3    712,41   8929,78  73573,28    115,81      0,00      0,00      0,00      0,00
18:10:01       dev9-2      0,02      0,15      0,00      8,00      0,00      0,00      0,00      0,00
18:20:01      dev8-16     95,52  11063,63  18309,43    307,49      1,14     11,94      2,65     25,31
18:20:01       dev8-0     96,70  11091,85  18318,35    304,12      1,15     11,94      2,67     25,84
18:20:01       dev9-0      0,00      0,00      0,00      0,00      0,00      0,00      0,00      0,00
18:20:01       dev9-1      0,73      0,00      5,85      7,98      0,00      0,00      0,00      0,00
18:20:01       dev9-3    499,89  22155,48  36608,78    117,55      0,00      0,00      0,00      0,00
18:20:01       dev9-2      0,00      0,00      0,00      0,00      0,00      0,00      0,00      0,00
18:30:01      dev8-16     24,47    219,79   7653,99    321,80      0,12      5,10      2,58      6,31
18:30:01       dev8-0     25,94    222,20   7666,72    304,11      0,14      5,48      2,64      6,86
18:30:01       dev9-0      0,00      0,00      0,00      0,00      0,00      0,00      0,00      0,00
18:30:01       dev9-1      0,71      0,00      5,66      8,00      0,00      0,00      0,00      0,00
18:30:01       dev9-3    139,45    419,99  15305,34    112,76      0,00      0,00      0,00      0,00
18:30:01       dev9-2      2,75     21,99      0,00      8,00      0,00      0,00      0,00      0,00
18:40:01      dev8-16     32,63    309,25  23391,56    726,31     12,27    375,87      5,00     16,31
18:40:01       dev8-0     39,31    319,80  23509,24    606,13     22,06    561,15      4,60     18,10
18:40:01       dev9-0      0,00      0,00      0,00      0,00      0,00      0,00      0,00      0,00
18:40:01       dev9-1      2,63     36,17     14,27     19,19      0,00      0,00      0,00      0,00
18:40:01       dev9-3   5870,74    587,50  46867,39      8,08      0,00      0,00      0,00      0,00
18:40:01       dev9-2      0,66      5,26      0,00      8,00      0,00      0,00      0,00      0,00
18:50:01      dev8-16      2,06     10,26     15,15     12,34      0,01      5,06      4,17      0,86
18:50:01       dev8-0      2,12     11,04     14,94     12,28      0,01      4,67      3,82      0,81
18:50:01       dev9-0      0,00      0,00      0,00      0,00      0,00      0,00      0,00      0,00
18:50:01       dev9-1      0,75      0,00      5,97      8,00      0,00      0,00      0,00      0,00
18:50:01       dev9-3      2,17     21,31     14,04     16,28      0,00      0,00      0,00      0,00
18:50:01       dev9-2      0,00      0,00      0,00      0,00      0,00      0,00      0,00      0,00
19:00:01      dev8-16      3,09     15,59     20,54     11,71      0,01      4,71      3,85      1,19
19:00:01       dev8-0      3,06     15,63     20,53     11,83      0,01      4,42      3,59      1,10
19:00:01       dev9-0      0,00      0,00      0,00      0,00      0,00      0,00      0,00      0,00
19:00:01       dev9-1      0,75      0,00      6,02      8,00      0,00      0,00      0,00      0,00
19:00:01       dev9-3      3,68     31,21     25,39     15,39      0,00      0,00      0,00      0,00
19:00:01       dev9-2      0,00      0,00      0,00      0,00      0,00      0,00      0,00      0,00
19:10:01      dev8-16     33,46    328,50   8696,89    269,77      0,17      5,14      2,53      8,47
19:10:01       dev8-0     34,33    331,88   8710,90    263,38      0,17      5,04      2,53      8,69
19:10:01       dev9-0      0,00      0,00      0,00      0,00      0,00      0,00      0,00      0,00
19:10:01       dev9-1      0,91      0,00      7,30      8,00      0,00      0,00      0,00      0,00
19:10:01       dev9-3    166,60    660,27  17388,81    108,33      0,00      0,00      0,00      0,00
19:10:01       dev9-2      0,00      0,00      0,00      0,00      0,00      0,00      0,00      0,00
19:20:02      dev8-16     56,30     46,56  20120,54    358,24      0,28      4,89      2,48     13,99
19:20:02       dev8-0     59,39     48,75  20143,66    340,00      0,31      5,20      2,63     15,65
19:20:02       dev9-0      0,00      0,00      0,00      0,00      0,00      0,00      0,00      0,00
19:20:02       dev9-1      0,71      0,19      5,50      8,00      0,00      0,00      0,00      0,00
19:20:02       dev9-3    352,76     95,11  40249,44    114,37      0,00      0,00      0,00      0,00
19:20:02       dev9-2      0,00      0,00      0,00      0,00      0,00      0,00      0,00      0,00
19:30:01      dev8-16     23,09      0,17   5462,83    236,59      0,08      3,47      2,77      6,41
19:30:01       dev8-0     24,24      0,11   5473,71    225,78      0,09      3,71      2,91      7,06
19:30:01       dev9-0      0,00      0,00      0,00      0,00      0,00      0,00      0,00      0,00
19:30:01       dev9-1      0,76      0,22      5,90      8,00      0,00      0,00      0,00      0,00
19:30:01       dev9-3    104,81      0,07  10921,37    104,21      0,00      0,00      0,00      0,00
19:30:01       dev9-2      0,00      0,00      0,00      0,00      0,00      0,00      0,00      0,00
19:40:01      dev8-16     24,04      0,35   5500,58    228,83      0,08      3,49      2,84      6,83
19:40:01       dev8-0     24,49      0,58   5502,42    224,68      0,09      3,52      2,86      7,01
19:40:01       dev9-0      0,00      0,00      0,00      0,00      0,00      0,00      0,00      0,00
19:40:01       dev9-1      0,86      0,56      6,29      7,98      0,00      0,00      0,00      0,00
19:40:01       dev9-3    106,21      0,26  10986,27    103,44      0,00      0,00      0,00      0,00
19:40:01       dev9-2      0,00      0,00      0,00      0,00      0,00      0,00      0,00      0,00
19:50:01      dev8-16     23,39      4,58   5367,48    229,65      0,09      3,71      2,92      6,82
19:50:01       dev8-0     24,27      4,86   5377,80    221,80      0,09      3,63      2,90      7,03
19:50:01       dev9-0      0,00      0,00      0,00      0,00      0,00      0,00      0,00      0,00
19:50:01       dev9-1      1,06      9,24      5,52     13,89      0,00      0,00      0,00      0,00
19:50:01       dev9-3    104,02      0,20  10730,76    103,16      0,00      0,00      0,00      0,00
19:50:01       dev9-2      0,00      0,00      0,00      0,00      0,00      0,00      0,00      0,00
20:00:01      dev8-16     23,24      0,05   5481,49    235,92      0,09      3,81      2,95      6,85
20:00:01       dev8-0     23,84      0,04   5484,33    230,02      0,09      3,82      2,96      7,06
20:00:01       dev9-0      0,00      0,00      0,00      0,00      0,00      0,00      0,00      0,00
20:00:01       dev9-1      0,74      0,12      5,84      8,07      0,00      0,00      0,00      0,00
20:00:01       dev9-3    104,83      0,08  10950,22    104,46      0,00      0,00      0,00      0,00
20:00:01       dev9-2      0,00      0,00      0,00      0,00      0,00      0,00      0,00      0,00
20:10:01      dev8-16     23,48      0,60   5347,57    227,73      0,08      3,53      2,86      6,72
20:10:01       dev8-0     24,24      0,94   5355,42    220,94      0,09      3,52      2,86      6,93
20:10:01       dev9-0      0,00      0,00      0,00      0,00      0,00      0,00      0,00      0,00
20:10:01       dev9-1      0,81      1,24      6,00      8,98      0,00      0,00      0,00      0,00
20:10:01       dev9-3    103,15      0,09  10687,04    103,61      0,00      0,00      0,00      0,00
20:10:01       dev9-2      0,00      0,00      0,00      0,00      0,00      0,00      0,00      0,00
20:20:01      dev8-16     23,93      0,85   5586,59    233,48      0,09      3,59      2,88      6,89
20:20:01       dev8-0     24,52      0,51   5591,20    228,01      0,09      3,57      2,84      6,96
20:20:01       dev9-0      0,00      0,00      0,00      0,00      0,00      0,00      0,00      0,00
20:20:01       dev9-1      0,73      1,28      5,60      9,46      0,00      0,00      0,00      0,00
20:20:01       dev9-3    107,01      0,08  11162,68    104,31      0,00      0,00      0,00      0,00
20:20:01       dev9-2      0,00      0,00      0,00      0,00      0,00      0,00      0,00      0,00
20:30:01      dev8-16     23,97      0,00   5475,54    228,39      0,09      3,61      2,91      6,98
20:30:01       dev8-0     24,22      0,07   5478,78    226,23      0,09      3,66      2,91      7,05
20:30:01       dev9-0      0,00      0,00      0,00      0,00      0,00      0,00      0,00      0,00
20:30:01       dev9-1      0,77      0,00      6,12      7,98      0,00      0,00      0,00      0,00
20:30:01       dev9-3    105,00      0,07  10937,69    104,17      0,00      0,00      0,00      0,00
20:30:01       dev9-2      0,00      0,00      0,00      0,00      0,00      0,00      0,00      0,00
20:40:02      dev8-16    180,74   2764,74  55667,31    323,30      6,63     36,69      2,88     51,99
20:40:02       dev8-0    177,11   2621,27  55672,03    329,14      6,97     39,34      3,02     53,44
20:40:02       dev9-0      0,00      0,00      0,00      0,00      0,00      0,00      0,00      0,00
20:40:02       dev9-1      1,57     20,01      6,20     16,75      0,00      0,00      0,00      0,00
20:40:02       dev9-3    592,98     10,85  71161,56    120,03      0,00      0,00      0,00      0,00
20:40:02       dev9-2   3178,54   5355,26  20073,09      8,00      0,00      0,00      0,00      0,00
20:50:01      dev8-16    155,33   5976,60  21839,81    179,08      1,00      6,47      3,40     52,85
20:50:01       dev8-0    154,45   5909,25  21844,27    179,69      1,02      6,59      3,46     53,44
20:50:01       dev9-0      0,00      0,00      0,00      0,00      0,00      0,00      0,00      0,00
20:50:01       dev9-1      0,74      0,03      5,87      8,00      0,00      0,00      0,00      0,00
20:50:01       dev9-3    366,22      2,15  43668,18    119,25      0,00      0,00      0,00      0,00
20:50:01       dev9-2   1485,43  11883,46      0,00      8,00      0,00      0,00      0,00      0,00
21:00:01      dev8-16     41,88    676,14  16653,75    413,84      0,32      7,70      3,18     13,32
21:00:01       dev8-0     42,08    660,99  16658,58    411,59      0,34      8,01      3,24     13,63
21:00:01       dev9-0      0,00      0,00      0,00      0,00      0,00      0,00      0,00      0,00
21:00:01       dev9-1      0,77      1,15      5,97      9,24      0,00      0,00      0,00      0,00
21:00:01       dev9-3    293,45   1273,21  33295,98    117,80      0,00      0,00      0,00      0,00
21:00:01       dev9-2      7,87     62,90      0,10      8,00      0,00      0,00      0,00      0,00
21:10:01      dev8-16     36,19    729,12  14123,89    410,47      0,27      7,59      3,24     11,72
21:10:01       dev8-0     36,70    707,66  14128,39    404,21      0,27      7,48      3,14     11,54
21:10:01       dev9-0      0,00      0,00      0,00      0,00      0,00      0,00      0,00      0,00
21:10:01       dev9-1      0,99      4,13      6,66     10,88      0,00      0,00      0,00      0,00
21:10:01       dev9-3    252,42   1411,52  28234,64    117,45      0,00      0,00      0,00      0,00
21:10:01       dev9-2      2,62     20,90      0,03      8,00      0,00      0,00      0,00      0,00
21:20:01      dev8-16     67,31   8189,58   6622,43    220,05      0,48      7,10      1,97     13,28
21:20:01       dev8-0     70,74   8186,81   6651,91    209,77      0,56      7,85      2,08     14,72
21:20:01       dev9-0      0,00      0,00      0,00      0,00      0,00      0,00      0,00      0,00
21:20:01       dev9-1      0,72      0,00      5,77      8,00      0,00      0,00      0,00      0,00
21:20:01       dev9-3    270,71  16183,09  13257,70    108,75      0,00      0,00      0,00      0,00
21:20:01       dev9-2     24,21    193,29      0,40      8,00      0,00      0,00      0,00      0,00
21:30:01      dev8-16     82,59   9466,20   9503,98    229,68      0,65      7,92      1,94     16,01
21:30:01       dev8-0     85,91   9458,83   9535,62    221,10      0,77      8,92      2,09     17,95
21:30:01       dev9-0      0,00      0,00      0,00      0,00      0,00      0,00      0,00      0,00
21:30:01       dev9-1      0,74      0,00      5,90      8,00      0,00      0,00      0,00      0,00
21:30:01       dev9-3    347,28  18916,00  19023,62    109,25      0,00      0,00      0,00      0,00
21:30:01       dev9-2      1,13      9,03      0,00      8,00      0,00      0,00      0,00      0,00
21:40:01      dev8-16     87,77   9480,97  10236,46    224,64      0,70      7,93      2,01     17,65
21:40:01       dev8-0     90,37   9441,03  10271,53    218,12      0,84      9,34      2,15     19,44
21:40:01       dev9-0      0,00      0,00      0,00      0,00      0,00      0,00      0,00      0,00
21:40:01       dev9-1      0,78      0,00      6,23      7,98      0,00      0,00      0,00      0,00
21:40:01       dev9-3    359,90  18766,52  20491,52    109,08      0,00      0,00      0,00      0,00
21:40:01       dev9-2     19,42    155,37      0,00      8,00      0,00      0,00      0,00      0,00
21:50:01      dev8-16     99,46   9723,90  12001,44    218,43      2,59     26,06      2,11     21,00
21:50:01       dev8-0    103,13   9723,23  12034,98    210,97      2,63     25,48      2,23     23,05
21:50:01       dev9-0      0,00      0,00      0,00      0,00      0,00      0,00      0,00      0,00
21:50:01       dev9-1      1,27     13,75      5,74     15,33      0,00      0,00      0,00      0,00
21:50:01       dev9-3    372,58  19309,66  21473,16    109,46      0,00      0,00      0,00      0,00
21:50:01       dev9-2    174,61    123,83   1273,04      8,00      0,00      0,00      0,00      0,00
22:00:01      dev8-16    148,46   9455,67  17228,82    179,74     15,73    105,93      2,72     40,31
22:00:01       dev8-0    152,53   9465,84  17257,60    175,20     14,38     94,26      2,78     42,44
22:00:01       dev9-0      0,00      0,00      0,00      0,00      0,00      0,00      0,00      0,00
22:00:01       dev9-1      1,14     16,73      5,84     19,85      0,00      0,00      0,00      0,00
22:00:01       dev9-3    351,76  18054,84  20200,03    108,75      0,00      0,00      0,00      0,00
22:00:01       dev9-2    997,95    849,85   7133,75      8,00      0,00      0,00      0,00      0,00
22:10:01      dev8-16    202,59   3629,84  34747,27    189,44      7,91     39,03      3,27     66,26
22:10:01       dev8-0    203,80   3586,95  34771,21    188,22      8,80     43,16      3,35     68,28
22:10:01       dev9-0      0,00      0,00      0,00      0,00      0,00      0,00      0,00      0,00
22:10:01       dev9-1      1,13      8,31      6,69     13,25      0,00      0,00      0,00      0,00
22:10:01       dev9-3    625,70   3797,41  63308,02    107,25      0,00      0,00      0,00      0,00
22:10:01       dev9-2    813,12   3410,97   3094,02      8,00      0,00      0,00      0,00      0,00
22:20:01      dev8-16    341,19   9344,08  48189,04    168,63      8,56     25,08      2,50     85,23
22:20:01       dev8-0    340,65   9200,08  48240,74    168,62      9,51     27,91      2,59     88,36
22:20:01       dev9-0      0,00      0,00      0,00      0,00      0,00      0,00      0,00      0,00
22:20:01       dev9-1      1,05      5,54      6,19     11,18      0,00      0,00      0,00      0,00
22:20:01       dev9-3   1113,91  15861,83  94792,68     99,34      0,00      0,00      0,00      0,00
22:20:01       dev9-2    435,86   2677,02    809,86      8,00      0,00      0,00      0,00      0,00
22:30:01      dev8-16     87,21   3063,47   5539,44     98,65      2,68     30,75      3,41     29,73
22:30:01       dev8-0     88,07   3034,29   5550,04     97,47      2,46     27,92      3,46     30,47
22:30:01       dev9-0      0,00      0,00      0,00      0,00      0,00      0,00      0,00      0,00
22:30:01       dev9-1      1,57     29,26      6,05     22,44      0,00      0,00      0,00      0,00
22:30:01       dev9-3    127,82   3738,24   9513,89    103,67      0,00      0,00      0,00      0,00
22:30:01       dev9-2    388,62   2329,99    778,97      8,00      0,00      0,00      0,00      0,00
22:40:01      dev8-16     60,65   2540,91   5398,34    130,90      0,39      6,51      3,19     19,34
22:40:01       dev8-0     61,05   2512,66   5401,87    129,65      0,43      6,97      3,24     19,79
22:40:01       dev9-0      0,00      0,00      0,00      0,00      0,00      0,00      0,00      0,00
22:40:01       dev9-1      0,82      0,69      6,29      8,47      0,00      0,00      0,00      0,00
22:40:01       dev9-3    131,34   2795,43  10749,16    103,13      0,00      0,00      0,00      0,00
22:40:01       dev9-2    284,27   2257,34     16,84      8,00      0,00      0,00      0,00      0,00
22:50:01      dev8-16     25,43    142,06   5449,71    219,87      0,12      4,55      3,23      8,20
22:50:01       dev8-0     26,39    161,74   5452,02    212,74      0,13      4,81      3,35      8,83
22:50:01       dev9-0      0,00      0,00      0,00      0,00      0,00      0,00      0,00      0,00
22:50:01       dev9-1      0,73      0,00      5,84      8,00      0,00      0,00      0,00      0,00
22:50:01       dev9-3    106,63    226,23  10871,37    104,08      0,00      0,00      0,00      0,00
22:50:01       dev9-2     10,59     77,57      7,13      8,00      0,00      0,00      0,00      0,00
23:00:01      dev8-16     25,43    259,45   5443,96    224,28      0,10      4,10      2,98      7,59
23:00:01       dev8-0     25,86    259,49   5448,88    220,73      0,11      4,12      3,04      7,86
23:00:01       dev9-0      0,00      0,00      0,00      0,00      0,00      0,00      0,00      0,00
23:00:01       dev9-1      0,74      0,22      5,87      8,27      0,00      0,00      0,00      0,00
23:00:01       dev9-3    108,56    445,23  10873,03    104,25      0,00      0,00      0,00      0,00
23:00:01       dev9-2      9,47     73,71      2,05      8,00      0,00      0,00      0,00      0,00
23:10:01      dev8-16     35,87   1970,93   5398,12    205,45      0,24      6,73      2,65      9,52
23:10:01       dev8-0     35,90   1960,96   5400,50    205,06      0,26      7,13      2,72      9,77
23:10:01       dev9-0      0,00      0,00      0,00      0,00      0,00      0,00      0,00      0,00
23:10:01       dev9-1      0,89      3,59      6,20     10,97      0,00      0,00      0,00      0,00
23:10:01       dev9-3    140,41   3848,50  10782,02    104,20      0,00      0,00      0,00      0,00
23:10:01       dev9-2      9,93     79,47      0,00      8,00      0,00      0,00      0,00      0,00
23:20:01      dev8-16     31,40   1530,95   5444,25    222,11      0,20      6,43      2,70      8,49
23:20:01       dev8-0     33,04   1554,21   5449,92    211,98      0,23      6,87      2,86      9,46
23:20:01       dev9-0      0,00      0,00      0,00      0,00      0,00      0,00      0,00      0,00
23:20:01       dev9-1      0,67      0,00      5,36      8,00      0,00      0,00      0,00      0,00
23:20:01       dev9-3    132,96   3061,90  10856,07    104,68      0,00      0,00      0,00      0,00
23:20:01       dev9-2      4,36     23,26     11,63      8,00      0,00      0,00      0,00      0,00
23:30:01      dev8-16     31,34   1414,20   5432,71    218,50      0,19      5,90      2,72      8,51
23:30:01       dev8-0     32,38   1425,30   5437,75    211,94      0,22      6,72      2,90      9,38
23:30:01       dev9-0      0,00      0,00      0,00      0,00      0,00      0,00      0,00      0,00
23:30:01       dev9-1      0,72      0,00      5,74      7,98      0,00      0,00      0,00      0,00
23:30:01       dev9-3    130,69   2811,32  10847,30    104,51      0,00      0,00      0,00      0,00
23:30:01       dev9-2      4,02     28,28      3,87      8,00      0,00      0,00      0,00      0,00
23:40:01      dev8-16     26,29    283,98   5420,06    216,95      0,13      4,84      3,06      8,06
23:40:01       dev8-0     26,57    270,80   5426,73    214,43      0,13      4,87      3,08      8,18
23:40:01       dev9-0      0,00      0,00      0,00      0,00      0,00      0,00      0,00      0,00
23:40:01       dev9-1      0,81      2,88      6,21     11,16      0,00      0,00      0,00      0,00
23:40:01       dev9-3    108,18    443,05  10815,15    104,07      0,00      0,00      0,00      0,00
23:40:01       dev9-2     14,50    108,63      7,41      8,00      0,00      0,00      0,00      0,00
23:50:01      dev8-16     34,48   1810,55   5487,47    211,68      0,24      6,84      2,67      9,21
23:50:01       dev8-0     35,04   1811,14   5496,49    208,53      0,25      7,00      2,70      9,45
23:50:01       dev9-0      0,00      0,00      0,00      0,00      0,00      0,00      0,00      0,00
23:50:01       dev9-1      0,69      0,00      5,49      7,98      0,00      0,00      0,00      0,00
23:50:01       dev9-3    139,52   3596,72  10960,31    104,33      0,00      0,00      0,00      0,00
23:50:01       dev9-2      3,69     24,96      4,52      8,00      0,00      0,00      0,00      0,00